{
  "camera_angle_x": 0.576460692302634,
  "camera_angle_y": 0.26526236032437633,
  "fl_x": 3237.920802494066,
  "fl_y": 4047.5391562395735,
  "k1": -0.06465707341697229,
  "k2": 0.33334225150477836,
  "k3": 0,
  "k4": 0,
  "p1": -0.034586633003488354,
  "p2": -0.010843387094129525,
  "is_fisheye": false,
  "cx": 706.1406532815847,
  "cy": 775.8694874346173,
  "w": 1920.0,
  "h": 1080.0,
  "aabb_scale": 64,
  "frames": [
    {
      "file_path": "images/0010.jpg",
      "sharpness": 27.170966429081666,
      "transform_matrix": [
        [
          0.38578114862678253,
          -0.05688969426305104,
          0.9208346583662769,
          3.629891088338011
        ],
        [
          0.8847062211273874,
          -0.26026701728244034,
          -0.38672468503237756,
          -1.5238160883558882
        ],
        [
          0.2616635390387526,
          0.9638592440804787,
          -0.05007544244433011,
          -0.2547309013923871
        ],
        [
          0.0,
          0.0,
          0.0,
          1.0
        ]
      ]
    },
    {
      "file_path": "images/0006.jpg",
      "sharpness": 30.199221425052457,
      "transform_matrix": [
        [
          0.021591474366649082,
          0.017935688208728765,
          0.9996059820353391,
          3.999290632231357
        ],
        [
          0.9995183171021081,
          0.021906553926547927,
          -0.021982644800480185,
          -0.08576349363418082
        ],
        [
          -0.022292196213901716,
          0.9995991266408831,
          -0.017454054096889892,
          -0.03876310507914217
        ],
        [
          0.0,
          0.0,
          0.0,
          1.0
        ]
      ]
    },
    {
      "file_path": "images/0005.jpg",
      "sharpness": 32.01829888918713,
      "transform_matrix": [
        [
          -0.07885206085777437,
          0.020941069649293344,
          0.9966663554560806,
          4.009052993856459
        ],
        [
          0.9923845669136004,
          0.09655559511772396,
          0.07648456316904324,
          0.2966701894099164
        ],
        [
          -0.09463204452045615,
          0.9951072749463248,
          -0.028395201997002788,
          -0.06420971884322192
        ],
        [
          0.0,
          0.0,
          0.0,
          1.0
        ]
      ]
    },
    {
      "file_path": "images/0004.jpg",
      "sharpness": 31.803786607428982,
      "transform_matrix": [
        [
          -0.12611511198364742,
          0.018012936006384303,
          0.9918520618839601,
          4.002918995675651
        ],
        [
          0.982307326842696,
          0.14180486826268965,
          0.12232618267627467,
          0.49422799118269595
        ],
        [
          -0.13844599727107906,
          0.9897307277593996,
          -0.035577975857795256,
          -0.07840898193447048
        ],
        [
          0.0,
          0.0,
          0.0,
          1.0
        ]
      ]
    }
  ]
}